LegacyCode/Old_Test_Data/a6.txt
* Sea-Bird SBE 25 Data File:
* FileName = C:\wq\Unit#4\A6.hex
* Software Version Seasave V 7.23.2
* Temperature SN = 0942
* Conductivity SN = 3365
* System UpLoad Time = Jan 05 2015 10:11:25
* Real-Time Sample Interval = 0.1250 seconds
* System UTC = Jan 05 2015 18:11:25
# nquan = 20                                
# nvalues = 242                         
# units = specified
# name 0 = depSM: Depth [salt water, m], lat = 33.00
# name 1 = prSM: Pressure, Strain Gauge [db]
# name 2 = t090C: Temperature [ITS-90, deg C]
# name 3 = sal00: Salinity, Practical [PSU]
# name 4 = c0S/m: Conductivity [S/m]
# name 5 = sbeox0V: Oxygen raw, SBE 43 [V]
# name 6 = ph: pH
# name 7 = xmiss: Beam Transmission, Chelsea/Seatech [%]
# name 8 = wetStar: Fluorescence, WET Labs WETstar [mg/m^3]
# name 9 = v4: Voltage 4
# name 10 = bat: Beam Attenuation, Chelsea/Seatech [1/m]
# name 11 = scan: Scan Count
# name 12 = timeS: Time, Elapsed [seconds]
# name 13 = sal00: Salinity, Practical [PSU]
# name 14 = sigma-t00: Density [sigma-t, kg/m^3 ]
# name 15 = sbeox0Mg/L: Oxygen, SBE 43 [mg/l], WS = 2
# name 16 = sbeox0PS: Oxygen, SBE 43 [% saturation], WS = 2
# name 17 = oxsatMg/L: Oxygen Saturation, Weiss [mg/l]
# name 18 = dz/dtM: Descent Rate [m/s], WS = 2
# name 19 = flag: flag
# span 0 =      0.938,     20.994       
# span 1 =      0.945,     21.143       
# span 2 =    14.3913,    15.8214       
# span 3 =    33.4027,    33.4657       
# span 4 =   4.057514,   4.197990       
# span 5 =     2.6398,     3.0195       
# span 6 =      8.019,      8.135       
# span 7 =    89.1467,    90.8998       
# span 8 =     0.6779,     1.7873       
# span 9 =     0.0940,     0.1661       
# span 10 =     0.3816,     0.4595      
# span 11 =          7,        248      
# span 12 =      0.750,     30.875      
# span 13 =    33.3414,    33.4399      
# span 14 =    24.5869,    24.8583      
# span 15 =     6.6471,     7.9601      
# span 16 =     79.991,     98.498      
# span 17 =    8.07253,    8.31128      
# span 18 =      0.000,      0.872      
# span 19 = 0.0000e+00, 0.0000e+00      
# interval = seconds: 0.125
# start_time = Jan 05 2015 18:11:25 [System UTC, header]
# bad_flag = -9.990e-29
*END*
      0.938      0.945    15.8187    33.4387   4.197684     3.0122      8.135    89.7554     0.9975     0.1148     0.4323          7      0.750    33.4385    24.5876     7.9308     98.134    8.07298      0.000 -9.990e-29
      0.945      0.951    15.8185    33.4388   4.197673     3.0159      8.135    89.7554     0.9787     0.1136     0.4323          8      0.875    33.4386    24.5877     7.9435     98.292    8.07301      0.000 -9.990e-29
      0.955      0.962    15.8185    33.4388   4.197670     3.0159      8.135    89.7554     0.9975     0.1148     0.4323          9      1.000    33.4386    24.5877     7.9435     98.292    8.07301      0.000 -9.990e-29
      0.972      0.979    15.8182    33.4384   4.197686     3.0159      8.135    89.7554     0.9787     0.1136     0.4323         10      1.125    33.4390    24.5880     7.9436     98.292    8.07304      0.000 -9.990e-29
      0.993      1.001    15.8183    33.4381   4.197753     3.0147      8.135    89.7554     0.9599     0.1123     0.4323         11      1.250    33.4395    24.5884     7.9394     98.241    8.07300      0.000 -9.990e-29
      1.020      1.028    15.8194    33.4382   4.197852     3.0159      8.121    89.6580     0.9411     0.1111     0.4367         12      1.375    33.4394    24.5881     7.9434     98.293    8.07282      0.000 -9.990e-29
      1.052      1.059    15.8203    33.4385   4.197938     3.0159      8.135    89.7554     0.9787     0.1136     0.4323         13      1.500    33.4394    24.5879     7.9433     98.293    8.07268      0.000 -9.990e-29
      1.088      1.096    15.8210    33.4391   4.197990     3.0159      8.135    89.7554     0.9787     0.1136     0.4323         14      1.625    33.4393    24.5876     7.9432     98.293    8.07257      0.000 0.0000e+00
      1.130      1.138    15.8214    33.4399   4.197972     3.0159      8.135    89.7554     0.9787     0.1136     0.4323         15      1.750    33.4387    24.5871     7.9585     98.483    8.07253      0.318 0.0000e+00
      1.177      1.185    15.8207    33.4398   4.197891     3.0159      8.135    89.7311     0.9787     0.1136     0.4334         16      1.875    33.4386    24.5872     7.9574     98.467    8.07265      0.340 0.0000e+00
      1.227      1.236    15.8195    33.4393   4.197827     3.0159      8.135    89.7311     0.9787     0.1136     0.4334         17      2.000    33.4390    24.5878     7.9590     98.485    8.07283      0.356 0.0000e+00
      1.281      1.290    15.8190    33.4390   4.197817     3.0159      8.135    89.7554     0.9787     0.1136     0.4323         18      2.125    33.4393    24.5881     7.9601     98.498    8.07289      0.368 0.0000e+00
      1.335      1.344    15.8192    33.4390   4.197836     3.0159      8.135    89.6580     0.9787     0.1136     0.4367         19      2.250    33.4393    24.5881     7.9542     98.426    8.07286      0.375 0.0000e+00
      1.387      1.397    15.8194    33.4389   4.197861     3.0171      8.135    89.6580     0.9599     0.1123     0.4367         20      2.375    33.4393    24.5881     7.9560     98.449    8.07283      0.378 0.0000e+00
      1.438      1.448    15.8197    33.4387   4.197894     3.0171      8.135    89.6580     0.9787     0.1136     0.4367         21      2.500    33.4394    24.5880     7.9535     98.418    8.07278      0.376 0.0000e+00
      1.487      1.498    15.8200    33.4388   4.197928     3.0183      8.135    89.6580     0.9599     0.1123     0.4367         22      2.625    33.4394    24.5880     7.9535     98.419    8.07273      0.371 0.0000e+00
      1.533      1.544    15.8205    33.4389   4.197942     3.0195      8.135    89.6580     0.9787     0.1136     0.4367         23      2.750    33.4391    24.5876     7.9520     98.401    8.07266      0.364 0.0000e+00
      1.576      1.587    15.8207    33.4395   4.197923     3.0195      8.135    89.6580     0.9787     0.1136     0.4367         24      2.875    33.4387    24.5873     7.9437     98.298    8.07265      0.355 0.0000e+00
      1.618      1.629    15.8205    33.4405   4.197849     3.0183      8.135    89.6337     0.9975     0.1148     0.4378         25      3.000    33.4382    24.5869     7.9305     98.135    8.07270      0.346 0.0000e+00
      1.658      1.669    15.8192    33.4415   4.197693     3.0183      8.135    89.7554     0.9787     0.1136     0.4323         26      3.125    33.4379    24.5870     7.9210     98.014    8.07293      0.339 0.0000e+00
      1.697      1.709    15.8167    33.4422   4.197457     3.0134      8.135    89.7798     0.9975     0.1148     0.4312         27      3.250    33.4379    24.5876     7.8928     97.661    8.07333      0.335 0.0000e+00
      1.735      1.748    15.8137    33.4427   4.197154     3.0171      8.135    89.7554     0.9787     0.1136     0.4323         28      3.375    33.4377    24.5881     7.8943     97.673    8.07382      0.335 0.0000e+00
      1.772      1.785    15.8102    33.4427   4.196828     3.0159      8.135    89.7798     0.9787     0.1136     0.4312         29      3.500    33.4378    24.5889     7.8826     97.522    8.07438      0.340 0.0000e+00
      1.808      1.821    15.8064    33.4422   4.196547     3.0147      8.135    89.7554     0.9787     0.1136     0.4323         30      3.625    33.4385    24.5903     7.8697     97.355    8.07496      0.349 0.0000e+00
      1.846      1.860    15.8035    33.4414   4.196351     3.0134      8.135    89.7798     0.9975     0.1148     0.4312         31      3.750    33.4392    24.5915     7.8588     97.215    8.07539      0.363 0.0000e+00
      1.886      1.899    15.8018    33.4405   4.196229     3.0110      8.121    89.3658     0.9599     0.1123     0.4497         32      3.875    33.4395    24.5921     7.8486     97.086    8.07565      0.382 0.0000e+00
      1.929      1.943    15.8013    33.4401   4.196127     3.0098      8.135    89.7067     1.0351     0.1172     0.4345         33      4.000    33.4390    24.5919     7.8438     97.025    8.07575      0.405 0.0000e+00
      1.977      1.991    15.8014    33.4407   4.195958     3.0085      8.135    89.7067     1.0351     0.1172     0.4345         34      4.125    33.4374    24.5906     7.8384     96.958    8.07581      0.433 0.0000e+00
      2.030      2.045    15.8003    33.4419   4.195621     3.0061      8.135    89.7067     1.0351     0.1172     0.4345         35      4.250    33.4353    24.5893     7.8327     96.884    8.07609      0.464 0.0000e+00
      2.088      2.103    15.7968    33.4428   4.195094     3.0049      8.135    89.7067     1.0539     0.1184     0.4345         36      4.375    33.4336    24.5887     7.8259     96.791    8.07674      0.497 0.0000e+00
      2.151      2.167    15.7909    33.4427   4.194523     3.0049      8.131    89.7067     1.0539     0.1184     0.4345         37      4.500    33.4335    24.5899     7.8298     96.829    8.07770      0.532 0.0000e+00
      2.219      2.235    15.7841    33.4421   4.194090     3.0024      8.131    89.7067     1.0539     0.1184     0.4345         38      4.625    33.4353    24.5929     7.8252     96.761    8.07870      0.565 0.0000e+00
      2.292      2.308    15.7791    33.4418   4.193814     3.0012      8.131    89.6824     1.0539     0.1184     0.4356         39      4.750    33.4371    24.5953     7.8265     96.768    8.07942      0.596 0.0000e+00
      2.371      2.388    15.7762    33.4416   4.193595     3.0012      8.131    89.7067     1.0539     0.1184     0.4345         40      4.875    33.4375    24.5964     7.8314     96.823    8.07986      0.624 0.0000e+00
      2.457      2.474    15.7742    33.4412   4.193388     3.0000      8.131    89.7067     1.0727     0.1197     0.4345         41      5.000    33.4374    24.5967     7.8301     96.804    8.08019      0.646 0.0000e+00
      2.548      2.566    15.7722    33.4414   4.193209     2.9988      8.131    89.7067     1.0915     0.1209     0.4345         42      5.125    33.4374    24.5972     7.8301     96.800    8.08051      0.663 0.0000e+00
      2.641      2.660    15.7707    33.4421   4.192992     2.9988      8.126    89.7067     1.0915     0.1209     0.4345         43      5.250    33.4367    24.5970     7.8318     96.817    8.08078      0.674 0.0000e+00
      2.734      2.753    15.7682    33.4419   4.192689     2.9976      8.131    89.7067     1.0915     0.1209     0.4345         44      5.375    33.4361    24.5970     7.8273     96.757    8.08122      0.679 0.0000e+00
      2.825      2.846    15.7646    33.4413   4.192421     2.9963      8.131    89.7067     1.1103     0.1221     0.4345         45      5.500    33.4367    24.5983     7.8221     96.686    8.08177      0.678 0.0000e+00
      2.915      2.936    15.7622    33.4416   4.192228     2.9951      8.131    89.5850     1.1103     0.1221     0.4399         46      5.625    33.4370    24.5991     7.8118     96.554    8.08214      0.672 0.0000e+00
      3.002      3.023    15.7603    33.4418   4.192035     2.9951      8.131    89.6093     1.1479     0.1245     0.4388         47      5.750    33.4369    24.5994     7.8089     96.515    8.08245      0.663 0.0000e+00
      3.085      3.107    15.7576    33.4413   4.191861     2.9939      8.131    89.6093     1.1479     0.1245     0.4388         48      5.875    33.4376    24.6005     7.8016     96.419    8.08285      0.651 0.0000e+00
      3.165      3.188    15.7556    33.4407   4.191770     2.9927      8.131    89.6093     1.1479     0.1245     0.4388         49      6.000    33.4384    24.6016     7.7972     96.361    8.08313      0.638 0.0000e+00
      3.240      3.264    15.7549    33.4403   4.191755     2.9927      8.126    89.6093     1.1668     0.1258     0.4388         50      6.125    33.4388    24.6021     7.7964     96.350    8.08322      0.626 0.0000e+00
      3.312      3.335    15.7550    33.4400   4.191772     2.9902      8.126    89.6093     1.1856     0.1270     0.4388         51      6.250    33.4389    24.6021     7.7865     96.228    8.08320      0.616 0.0000e+00
      3.380      3.404    15.7554    33.4397   4.191815     2.9890      8.131    89.3171     1.2044     0.1282     0.4519         52      6.375    33.4389    24.6021     7.7840     96.199    8.08314      0.609 0.0000e+00
      3.448      3.473    15.7560    33.4398   4.191881     2.9878      8.131    89.4389     1.2232     0.1294     0.4465         53      6.500    33.4390    24.6020     7.7811     96.163    8.08304      0.605 0.0000e+00
      3.517      3.543    15.7568    33.4406   4.191900     2.9817      8.131    89.4389     1.2232     0.1294     0.4465         54      6.625    33.4384    24.6014     7.7623     95.933    8.08294      0.606 0.0000e+00
      3.588      3.614    15.7571    33.4420   4.191773     2.9841      8.131    89.4389     1.2796     0.1331     0.4465         55      6.750    33.4370    24.6002     7.7740     96.077    8.08296      0.610 0.0000e+00
      3.662      3.688    15.7554    33.4430   4.191476     2.9829      8.131    89.4389     1.2796     0.1331     0.4465         56      6.875    33.4358    24.5997     7.7747     96.081    8.08329      0.619 0.0000e+00
      3.738      3.765    15.7515    33.4431   4.191086     2.9829      8.126    89.4389     1.2796     0.1331     0.4465         57      7.000    33.4356    24.6004     7.7823     96.169    8.08393      0.631 0.0000e+00
      3.816      3.844    15.7470    33.4428   4.190720     2.9817      8.126    89.4389     1.3172     0.1355     0.4465         58      7.125    33.4361    24.6018     7.7850     96.193    8.08463      0.645 0.0000e+00
      3.897      3.925    15.7432    33.4425   4.190425     2.9805      8.112    89.1954     1.2984     0.1343     0.4574         59      7.250    33.4366    24.6031     7.7900     96.248    8.08522      0.660 0.0000e+00
      3.980      4.008    15.7400    33.4419   4.190200     2.9805      8.126    89.4876     1.3548     0.1380     0.4443         60      7.375    33.4373    24.6043     7.7962     96.319    8.08570      0.675 0.0000e+00
      4.065      4.094    15.7377    33.4413   4.190057     2.9792      8.126    89.5119     1.3736     0.1392     0.4432         61      7.500    33.4380    24.6053     7.7997     96.359    8.08604      0.688 0.0000e+00
      4.154      4.183    15.7365    33.4413   4.189985     2.9792      8.126    89.5119     1.4112     0.1416     0.4432         62      7.625    33.4383    24.6058     7.8061     96.435    8.08621      0.698 0.0000e+00
      4.245      4.276    15.7360    33.4415   4.189918     2.9792      8.131    89.5363     1.3924     0.1404     0.4421         63      7.750    33.4381    24.6058     7.8067     96.441    8.08630      0.706 0.0000e+00
      4.339      4.370    15.7351    33.4414   4.189832     2.9780      8.126    89.5119     1.3924     0.1404     0.4432         64      7.875    33.4381    24.6060     7.8026     96.390    8.08645      0.709 0.0000e+00
      4.433      4.465    15.7340    33.4410   4.189773     2.9792      8.126    89.5119     1.4488     0.1441     0.4432         65      8.000    33.4384    24.6065     7.8083     96.457    8.08661      0.709 0.0000e+00
      4.527      4.559    15.7334    33.4409   4.189765     2.9780      8.126    89.4632     1.4676     0.1453     0.4454         66      8.125    33.4388    24.6069     7.8003     96.358    8.08669      0.704 0.0000e+00
      4.619      4.652    15.7334    33.4410   4.189770     2.9780      8.126    89.4876     1.4676     0.1453     0.4443         67      8.250    33.4388    24.6069     7.7998     96.351    8.08669      0.697 0.0000e+00
      4.709      4.743    15.7334    33.4409   4.189752     2.9768      8.126    89.4876     1.4864     0.1465     0.4443         68      8.375    33.4386    24.6068     7.7932     96.270    8.08670      0.686 0.0000e+00
      4.795      4.829    15.7332    33.4408   4.189711     2.9780      8.126    89.4632     1.5240     0.1490     0.4454         69      8.500    33.4384    24.6067     7.7947     96.288    8.08674      0.673 0.0000e+00
      4.878      4.913    15.7329    33.4409   4.189666     2.9768      8.126    89.4876     1.5240     0.1490     0.4443         70      8.625    33.4382    24.6066     7.7877     96.201    8.08680      0.658 0.0000e+00
      4.958      4.994    15.7325    33.4410   4.189619     2.9780      8.126    89.4876     1.5428     0.1502     0.4443         71      8.750    33.4381    24.6066     7.7887     96.213    8.08687      0.642 0.0000e+00
      5.035      5.071    15.7318    33.4409   4.189561     2.9744      8.126    89.4876     1.4864     0.1465     0.4443         72      8.875    33.4382    24.6068     7.7716     96.000    8.08698      0.626 0.0000e+00
      5.109      5.146    15.7311    33.4408   4.189507     2.9756      8.126    89.5363     1.5240     0.1490     0.4421         73      9.000    33.4382    24.6070     7.7648     95.915    8.08709      0.613 0.0000e+00
      5.181      5.218    15.7305    33.4408   4.189476     2.9707      8.126    89.5363     1.5052     0.1477     0.4421         74      9.125    33.4384    24.6073     7.7446     95.664    8.08717      0.602 0.0000e+00
      5.251      5.288    15.7301    33.4409   4.189455     2.9731      8.126    89.5363     1.4864     0.1465     0.4421         75      9.250    33.4386    24.6075     7.7486     95.713    8.08723      0.595 0.0000e+00
      5.320      5.358    15.7298    33.4411   4.189417     2.9719      8.126    89.5363     1.4864     0.1465     0.4421         76      9.375    33.4385    24.6075     7.7409     95.617    8.08728      0.593 0.0000e+00
      5.388      5.427    15.7294    33.4413   4.189331     2.9707      8.126    89.5363     1.5240     0.1490     0.4421         77      9.500    33.4380    24.6072     7.7340     95.531    8.08737      0.596 0.0000e+00
      5.457      5.496    15.7286    33.4413   4.189193     2.9707      8.126    89.5363     1.5428     0.1502     0.4421         78      9.625    33.4374    24.6069     7.7340     95.529    8.08753      0.603 0.0000e+00
