LegacyCode/Old_Test_Data/a6.txt
* Sea-Bird SBE 25 Data File:
* FileName = C:\wq\Unit#4\A6.hex
* Software Version Seasave V 7.23.2
* Temperature SN = 0942
* Conductivity SN = 3365
* System UpLoad Time = Jan 05 2015 10:11:25
* Real-Time Sample Interval = 0.1250 seconds
* System UTC = Jan 05 2015 18:11:25
# nquan = 20                                
# nvalues = 242                         
# units = specified
# name 0 = depSM: Depth [salt water, m], lat = 33.00
# name 1 = prSM: Pressure, Strain Gauge [db]
# name 2 = t090C: Temperature [ITS-90, deg C]
# name 3 = sal00: Salinity, Practical [PSU]
# name 4 = c0S/m: Conductivity [S/m]
# name 5 = sbeox0V: Oxygen raw, SBE 43 [V]
# name 6 = ph: pH
# name 7 = xmiss: Beam Transmission, Chelsea/Seatech [%]
# name 8 = wetStar: Fluorescence, WET Labs WETstar [mg/m^3]
# name 9 = v4: Voltage 4
# name 10 = bat: Beam Attenuation, Chelsea/Seatech [1/m]
# name 11 = scan: Scan Count
# name 12 = timeS: Time, Elapsed [seconds]
# name 13 = sal00: Salinity, Practical [PSU]
# name 14 = sigma-t00: Density [sigma-t, kg/m^3 ]
# name 15 = sbeox0Mg/L: Oxygen, SBE 43 [mg/l], WS = 2
# name 16 = sbeox0PS: Oxygen, SBE 43 [% saturation], WS = 2
# name 17 = oxsatMg/L: Oxygen Saturation, Weiss [mg/l]
# name 18 = dz/dtM: Descent Rate [m/s], WS = 2
# name 19 = flag: flag
# span 0 =      0.938,     20.994       
# span 1 =      0.945,     21.143       
# span 2 =    14.3913,    15.8214       
# span 3 =    33.4027,    33.4657       
# span 4 =   4.057514,   4.197990       
# span 5 =     2.6398,     3.0195       
# span 6 =      8.019,      8.135       
# span 7 =    89.1467,    90.8998       
# span 8 =     0.6779,     1.7873       
# span 9 =     0.0940,     0.1661       
# span 10 =     0.3816,     0.4595      
# span 11 =          7,        248      
# span 12 =      0.750,     30.875      
# span 13 =    33.3414,    33.4399      
# span 14 =    24.5869,    24.8583      
# span 15 =     6.6471,     7.9601      
# span 16 =     79.991,     98.498      
# span 17 =    8.07253,    8.31128      
# span 18 =      0.000,      0.872      
# span 19 = 0.0000e+00, 0.0000e+00      
# interval = seconds: 0.125
# start_time = Jan 05 2015 18:11:25 [System UTC, header]
# bad_flag = -9.990e-29
*END*
[from data line 218]
     18.951     19.086    14.7811    33.4561   4.092725     2.7460      8.055    90.8755     0.8659     0.1062     0.3827        225     28.000    33.3706    24.7632     6.8076     82.486    8.24634      0.656 0.0000e+00
     19.028     19.164    14.7422    33.4529   4.087791     2.7399      8.050    90.8755     0.8471     0.1050     0.3827        226     28.125    33.3590    24.7626     6.7868     82.163    8.25343      0.662 0.0000e+00
     19.105     19.242    14.6870    33.4358   4.083588     2.7338      8.037    90.4615     0.7719     0.1001     0.4010        227     28.250    33.3681    24.7814     6.7698     81.872    8.26221      0.672 0.0000e+00
     19.185     19.322    14.6447    33.4204   4.082034     2.7289      8.046    90.8268     0.8283     0.1038     0.3849        228     28.375    33.3902    24.8075     6.7560     81.647    8.26819      0.686 0.0000e+00
     19.268     19.406    14.6345    33.4156   4.082608     2.7216      8.046    90.8268     0.8095     0.1026     0.3849        229     28.500    33.4042    24.8205     6.7295     81.316    8.26919      0.704 0.0000e+00
     19.353     19.492    14.6458    33.4264   4.083340     2.7167      8.041    90.8268     0.7907     0.1013     0.3849        230     28.625    33.4011    24.8157     6.7125     81.128    8.26745      0.724 0.0000e+00
     19.443     19.582    14.6576    33.4477   4.081777     2.7118      8.046    90.8268     0.7719     0.1001     0.3849        231     28.750    33.3767    24.7943     6.6952     80.926    8.26671      0.745 0.0000e+00
     19.537     19.677    14.6401    33.4566   4.076800     2.7069      8.041    90.8268     0.7531     0.0989     0.3849        232     28.875    33.3462    24.7746     6.6882     80.797    8.27119      0.766 0.0000e+00
     19.635     19.775    14.5811    33.4456   4.070728     2.7020      8.042    90.8268     0.7531     0.0989     0.3849        233     29.000    33.3414    24.7834     6.6842     80.651    8.28136      0.785 0.0000e+00
     19.735     19.877    14.5155    33.4315   4.066539     2.6959      8.037    90.7050     0.7155     0.0965     0.3902        234     29.125    33.3595    24.8113     6.6784     80.484    8.29150      0.801 0.0000e+00
     19.840     19.982    14.4763    33.4249   4.064469     2.6911      8.037    90.7294     0.7343     0.0977     0.3892        235     29.250    33.3742    24.8310     6.6729     80.361    8.29737      0.814 0.0000e+00
     19.949     20.092    14.4591    33.4221   4.063309     2.6862      8.037    90.7294     0.7343     0.0977     0.3892        236     29.375    33.3784    24.8378     6.6668     80.263    8.30006      0.820 0.0000e+00
     20.060     20.204    14.4484    33.4188   4.062482     2.6801      8.033    90.7294     0.7531     0.0989     0.3892        237     29.500    33.3800    24.8413     6.6573     80.131    8.30179      0.820 0.0000e+00
     20.171     20.315    14.4405    33.4158   4.062027     2.6764      8.028    90.7294     0.7343     0.0977     0.3892        238     29.625    33.3825    24.8450     6.6534     80.073    8.30300      0.813 0.0000e+00
     20.279     20.425    14.4373    33.4148   4.061820     2.6727      8.028    90.7294     0.6967     0.0952     0.3892        239     29.750    33.3834    24.8463     6.6513     80.043    8.30350      0.796 0.0000e+00
     20.386     20.532    14.4366    33.4152   4.061541     2.6679      8.023    90.7294     0.6967     0.0952     0.3892        240     29.875    33.3814    24.8449     6.6471     79.991    8.30372      0.770 0.0000e+00
     20.488     20.635    14.4346    33.4163   4.060989     2.6630      8.028    90.3641     0.6967     0.0952     0.4053        241     30.000    33.3780    24.8428     6.9437     83.555    8.30423      0.000 0.0000e+00
     20.586     20.734    14.4293    33.4173   4.060134     2.6593      8.023    90.3641     0.6779     0.0940     0.4053        242     30.125    33.3747    24.8413     6.9316     83.399    8.30529      0.000 0.0000e+00
     20.678     20.826    14.4201    33.4167   4.059115     2.6544      8.023    90.3641     0.6779     0.0940     0.4053        243     30.250    33.3732    24.8421     6.9157     83.191    8.30692      0.000 0.0000e+00
     20.762     20.911    14.4086    33.4148   4.058258     2.6520      8.023    90.3641     0.6779     0.0940     0.4053        244     30.375    33.3752    24.8461     6.9088     83.090    8.30877      0.000 0.0000e+00
     20.836     20.986    14.3991    33.4131   4.057751     2.6483      8.024    90.3641     0.6779     0.0940     0.4053        245     30.500    33.3787    24.8508     6.8970     82.934    8.31020      0.000 0.0000e+00
     20.901     21.050    14.3937    33.4111   4.057514     2.6447      8.019    90.3885     0.6779     0.0940     0.4042        246     30.625    33.3812    24.8539     6.8849     82.781    8.31099      0.000 0.0000e+00
     20.953     21.103    14.3913    33.4075   4.057540     2.6422      8.024    90.1937     0.6967     0.0952     0.4128        247     30.750    33.3835    24.8562     6.8764     82.675    8.31128      0.000 0.0000e+00
     20.994     21.143    14.3922    33.4027   4.057956     2.6398      8.019    90.0476     0.6779     0.0940     0.4193        248     30.875    33.3865    24.8583     6.8676     82.573    8.31097      0.000 0.0000e+00
