LegacyCode/Old_Test_Data/a6.txt
* Sea-Bird SBE 25 Data File:
* FileName = C:\wq\Unit#4\A6.hex
* Software Version Seasave V 7.23.2
* Temperature SN = 0942
* Conductivity SN = 3365
* System UpLoad Time = Jan 05 2015 10:11:25
* Real-Time Sample Interval = 0.1250 seconds
* System UTC = Jan 05 2015 18:11:25
# nquan = 20                                
# nvalues = 242                         
# units = specified
# name 0 = depSM: Depth [salt water, m], lat = 33.00
# name 1 = prSM: Pressure, Strain Gauge [db]
# name 2 = t090C: Temperature [ITS-90, deg C]
# name 3 = sal00: Salinity, Practical [PSU]
# name 4 = c0S/m: Conductivity [S/m]
# name 5 = sbeox0V: Oxygen raw, SBE 43 [V]
# name 6 = ph: pH
# name 7 = xmiss: Beam Transmission, Chelsea/Seatech [%]
# name 8 = wetStar: Fluorescence, WET Labs WETstar [mg/m^3]
# name 9 = v4: Voltage 4
# name 10 = bat: Beam Attenuation, Chelsea/Seatech [1/m]
# name 11 = scan: Scan Count
# name 12 = timeS: Time, Elapsed [seconds]
# name 13 = sal00: Salinity, Practical [PSU]
# name 14 = sigma-t00: Density [sigma-t, kg/m^3 ]
# name 15 = sbeox0Mg/L: Oxygen, SBE 43 [mg/l], WS = 2
# name 16 = sbeox0PS: Oxygen, SBE 43 [% saturation], WS = 2
# name 17 = oxsatMg/L: Oxygen Saturation, Weiss [mg/l]
# name 18 = dz/dtM: Descent Rate [m/s], WS = 2
# name 19 = flag: flag
# span 0 =      0.938,     20.994       
# span 1 =      0.945,     21.143       
# span 2 =    14.3913,    15.8214       
# span 3 =    33.4027,    33.4657       
# span 4 =   4.057514,   4.197990       
# span 5 =     2.6398,     3.0195       
# span 6 =      8.019,      8.135       
# span 7 =    89.1467,    90.8998       
# span 8 =     0.6779,     1.7873       
# span 9 =     0.0940,     0.1661       
# span 10 =     0.3816,     0.4595      
# span 11 =          7,        248      
# span 12 =      0.750,     30.875      
# span 13 =    33.3414,    33.4399      
# span 14 =    24.5869,    24.8583      
# span 15 =     6.6471,     7.9601      
# span 16 =     79.991,     98.498      
# span 17 =    8.07253,    8.31128      
# span 18 =      0.000,      0.872      
# span 19 = 0.0000e+00, 0.0000e+00      
# interval = seconds: 0.125
# start_time = Jan 05 2015 18:11:25 [System UTC, header]
# bad_flag = -9.990e-29
*END*
[from data line 73]
      5.598      5.638    15.7256    33.4412   4.188935     2.9670      8.126    89.5363     1.5428     0.1502     0.4421         80      9.875    33.4376    24.6077     7.7232     95.391    8.08800      0.631 0.0000e+00
      5.673      5.714    15.7243    33.4413   4.188856     2.9621      8.126    89.5363     1.5428     0.1502     0.4421         81     10.000    33.4380    24.6083     7.7067     95.185    8.08819      0.651 0.0000e+00
      5.753      5.794    15.7233    33.4414   4.188792     2.9646      8.122    89.5119     1.5616     0.1514     0.4432         82     10.125    33.4382    24.6087     7.7201     95.348    8.08834      0.674 0.0000e+00
      5.836      5.878    15.7224    33.4414   4.188716     2.9634      8.126    89.5119     1.5616     0.1514     0.4432         83     10.250    33.4383    24.6090     7.7146     95.279    8.08849      0.698 0.0000e+00
      5.924      5.967    15.7217    33.4414   4.188613     2.9621      8.126    89.5363     1.5616     0.1514     0.4421         84     10.375    33.4379    24.6089     7.7146     95.277    8.08862      0.723 0.0000e+00
      6.017      6.060    15.7207    33.4413   4.188488     2.9621      8.126    89.5119     1.5616     0.1514     0.4432         85     10.500    33.4376    24.6088     7.7182     95.319    8.08879      0.747 0.0000e+00
      6.114      6.158    15.7193    33.4412   4.188388     2.9609      8.117    89.4389     1.5052     0.1477     0.4465         86     10.625    33.4379    24.6094     7.7169     95.301    8.08901      0.768 0.0000e+00
      6.216      6.260    15.7180    33.4414   4.188339     2.9597      8.126    89.5363     1.5992     0.1538     0.4421         87     10.750    33.4385    24.6101     7.7167     95.297    8.08919      0.786 0.0000e+00
      6.320      6.366    15.7173    33.4416   4.188274     2.9585      8.126    89.5363     1.6368     0.1563     0.4421         88     10.875    33.4385    24.6103     7.7159     95.285    8.08930      0.798 0.0000e+00
      6.427      6.473    15.7165    33.4413   4.188165     2.9585      8.126    89.5363     1.6368     0.1563     0.4421         89     11.000    33.4381    24.6102     7.7184     95.314    8.08944      0.804 0.0000e+00
      6.534      6.581    15.7155    33.4407   4.188081     2.9585      8.126    89.5363     1.6368     0.1563     0.4421         90     11.125    33.4382    24.6104     7.7144     95.263    8.08960      0.804 0.0000e+00
      6.642      6.689    15.7147    33.4400   4.188087     2.9573      8.126    89.5363     1.6368     0.1563     0.4421         91     11.250    33.4389    24.6112     7.7100     95.207    8.08970      0.798 0.0000e+00
      6.749      6.797    15.7148    33.4398   4.188193     2.9573      8.126    89.5606     1.6180     0.1551     0.4410         92     11.375    33.4397    24.6118     7.7102     95.211    8.08964      0.785 0.0000e+00
      6.854      6.903    15.7162    33.4408   4.188284     2.9560      8.126    89.5606     1.6180     0.1551     0.4410         93     11.500    33.4393    24.6111     7.7014     95.104    8.08944      0.767 0.0000e+00
      6.954      7.003    15.7173    33.4417   4.188229     2.9548      8.126    89.5606     1.6368     0.1563     0.4410         94     11.625    33.4378    24.6098     7.7004     95.093    8.08933      0.745 0.0000e+00
      7.047      7.097    15.7160    33.4416   4.188080     2.9536      8.122    89.5606     1.6180     0.1551     0.4410         95     11.750    33.4376    24.6099     7.6999     95.084    8.08955      0.719 0.0000e+00
      7.134      7.185    15.7140    33.4411   4.187977     2.9524      8.122    89.5606     1.6368     0.1563     0.4410         96     11.875    33.4383    24.6109     7.6979     95.056    8.08984      0.693 0.0000e+00
      7.217      7.268    15.7129    33.4406   4.187961     2.9524      8.126    89.5606     1.6368     0.1563     0.4410         97     12.000    33.4391    24.6117     7.6999     95.079    8.08998      0.666 0.0000e+00
      7.295      7.346    15.7127    33.4402   4.187998     2.9512      8.126    89.5606     1.6368     0.1563     0.4410         98     12.125    33.4395    24.6121     7.6993     95.072    8.08999      0.641 0.0000e+00
      7.367      7.419    15.7135    33.4400   4.188047     2.9499      8.122    89.4389     1.6368     0.1563     0.4465         99     12.250    33.4393    24.6117     7.6998     95.080    8.08987      0.620 0.0000e+00
      7.436      7.488    15.7144    33.4403   4.188078     2.9499      8.122    89.5606     1.6932     0.1600     0.4410        100     12.375    33.4387    24.6111     7.7031     95.121    8.08975      0.603 0.0000e+00
      7.501      7.554    15.7148    33.4407   4.188074     2.9463      8.126    89.5850     1.7121     0.1612     0.4399        101     12.500    33.4383    24.6107     7.6940     95.010    8.08971      0.591 0.0000e+00
      7.566      7.620    15.7144    33.4407   4.188033     2.9499      8.122    89.5850     1.6932     0.1600     0.4399        102     12.625    33.4383    24.6108     7.7098     95.204    8.08978      0.587 0.0000e+00
      7.632      7.686    15.7136    33.4407   4.187983     2.9499      8.126    89.5850     1.6744     0.1587     0.4399        103     12.750    33.4385    24.6111     7.7114     95.223    8.08989      0.588 0.0000e+00
      7.699      7.754    15.7133    33.4411   4.187919     2.9487      8.122    89.5850     1.6932     0.1600     0.4399        104     12.875    33.4382    24.6109     7.7087     95.188    8.08996      0.596 0.0000e+00
      7.768      7.823    15.7127    33.4415   4.187804     2.9487      8.122    89.5850     1.6556     0.1575     0.4399        105     13.000    33.4376    24.6106     7.7080     95.179    8.09008      0.608 0.0000e+00
      7.839      7.895    15.7112    33.4419   4.187660     2.9487      8.108    89.1710     1.5992     0.1538     0.4585        106     13.125    33.4376    24.6109     7.7089     95.187    8.09033      0.625 0.0000e+00
      7.916      7.972    15.7093    33.4426   4.187507     2.9487      8.122    89.5363     1.6556     0.1575     0.4421        107     13.250    33.4378    24.6115     7.7095     95.191    8.09062      0.644 0.0000e+00
      7.997      8.054    15.7072    33.4434   4.187292     2.9475      8.122    89.5363     1.6744     0.1587     0.4421        108     13.375    33.4376    24.6119     7.7053     95.135    8.09097      0.665 0.0000e+00
      8.082      8.140    15.7045    33.4435   4.187002     2.9463      8.122    89.5606     1.6932     0.1600     0.4410        109     13.500    33.4373    24.6122     7.7022     95.091    8.09142      0.686 0.0000e+00
      8.172      8.230    15.7010    33.4427   4.186735     2.9463      8.122    89.5363     1.6744     0.1587     0.4421        110     13.625    33.4378    24.6134     7.6990     95.045    8.09196      0.705 0.0000e+00
      8.265      8.324    15.6981    33.4419   4.186591     2.9451      8.126    89.5606     1.6744     0.1587     0.4410        111     13.750    33.4390    24.6149     7.6973     95.020    8.09237      0.721 0.0000e+00
      8.361      8.420    15.6969    33.4416   4.186523     2.9451      8.122    89.5363     1.7121     0.1612     0.4421        112     13.875    33.4393    24.6155     7.7005     95.057    8.09255      0.733 0.0000e+00
      8.459      8.519    15.6969    33.4417   4.186422     2.9438      8.122    89.5850     1.6932     0.1600     0.4399        113     14.000    33.4384    24.6148     7.6983     95.030    8.09259      0.740 0.0000e+00
      8.557      8.618    15.6963    33.4416   4.186281     2.9438      8.122    89.6337     1.6744     0.1587     0.4378        114     14.125    33.4376    24.6143     7.7000     95.049    8.09273      0.741 0.0000e+00
      8.657      8.718    15.6947    33.4414   4.186173     2.9438      8.122    89.6337     1.6932     0.1600     0.4378        115     14.250    33.4380    24.6149     7.7027     95.080    8.09297      0.738 0.0000e+00
      8.754      8.817    15.6934    33.4413   4.186124     2.9438      8.122    89.6337     1.7309     0.1624     0.4378        116     14.375    33.4386    24.6157     7.7048     95.104    8.09315      0.729 0.0000e+00
      8.849      8.912    15.6927    33.4412   4.186096     2.9438      8.122    89.6337     1.7309     0.1624     0.4378        117     14.500    33.4389    24.6161     7.7063     95.120    8.09325      0.717 0.0000e+00
      8.940      9.004    15.6924    33.4410   4.186083     2.9438      8.122    89.6337     1.7121     0.1612     0.4378        118     14.625    33.4390    24.6162     7.7069     95.127    8.09329      0.702 0.0000e+00
      9.028      9.092    15.6922    33.4410   4.186096     2.9438      8.122    89.6337     1.7121     0.1612     0.4378        119     14.750    33.4393    24.6165     7.7050     95.103    8.09331      0.685 0.0000e+00
      9.111      9.176    15.6923    33.4412   4.186117     2.9438      8.122    89.5606     1.7309     0.1624     0.4410        120     14.875    33.4393    24.6165     7.6977     95.014    8.09329      0.668 0.0000e+00
      9.189      9.255    15.6923    33.4414   4.186117     2.9438      8.122    89.5850     1.7309     0.1624     0.4399        121     15.000    33.4393    24.6165     7.6952     94.983    8.09329      0.652 0.0000e+00
      9.264      9.331    15.6922    33.4414   4.186101     2.9426      8.122    89.5850     1.7309     0.1624     0.4399        122     15.125    33.4392    24.6164     7.6847     94.853    8.09331      0.638 0.0000e+00
      9.337      9.404    15.6919    33.4414   4.186083     2.9426      8.122    89.5850     1.7121     0.1612     0.4399        123     15.250    33.4393    24.6166     7.6798     94.792    8.09336      0.628 0.0000e+00
      9.409      9.476    15.6917    33.4416   4.186062     2.9414      8.122    89.5606     1.7309     0.1624     0.4410        124     15.375    33.4392    24.6166     7.6688     94.656    8.09339      0.623 0.0000e+00
      9.480      9.547    15.6915    33.4419   4.186014     2.9414      8.122    89.5850     1.7121     0.1612     0.4399        125     15.500    33.4390    24.6164     7.6622     94.574    8.09344      0.622 0.0000e+00
      9.550      9.619    15.6909    33.4421   4.185940     2.9414      8.112    89.2441     1.7309     0.1624     0.4552        126     15.625    33.4388    24.6164     7.6561     94.498    8.09354      0.627 0.0000e+00
      9.623      9.691    15.6898    33.4424   4.185841     2.9389      8.122    89.6824     1.7121     0.1612     0.4356        127     15.750    33.4388    24.6167     7.6421     94.323    8.09372      0.638 0.0000e+00
      9.698      9.767    15.6886    33.4427   4.185701     2.9353      8.122    89.6580     1.6932     0.1600     0.4367        128     15.875    33.4385    24.6167     7.6267     94.130    8.09393      0.654 0.0000e+00
      9.777      9.847    15.6869    33.4426   4.185535     2.9377      8.122    89.6824     1.6932     0.1600     0.4356        129     16.000    33.4385    24.6170     7.6312     94.183    8.09420      0.675 0.0000e+00
      9.859      9.929    15.6851    33.4423   4.185383     2.9353      8.122    89.6580     1.6932     0.1600     0.4367        130     16.125    33.4386    24.6176     7.6204     94.046    8.09449      0.699 0.0000e+00
      9.945     10.016    15.6835    33.4421   4.185263     2.9353      8.117    89.6580     1.6744     0.1587     0.4367        131     16.250    33.4388    24.6181     7.6175     94.007    8.09473      0.726 0.0000e+00
     10.035     10.106    15.6824    33.4423   4.185161     2.9328      8.117    89.6580     1.6932     0.1600     0.4367        132     16.375    33.4388    24.6183     7.6073     93.879    8.09491      0.754 0.0000e+00
     10.129     10.201    15.6815    33.4425   4.185036     2.9316      8.108    89.4389     1.6180     0.1551     0.4465        133     16.500    33.4384    24.6182     7.6015     93.806    8.09508      0.782 0.0000e+00
     10.230     10.302    15.6800    33.4429   4.184878     2.9304      8.117    89.7067     1.6744     0.1587     0.4345        134     16.625    33.4383    24.6184     7.5989     93.772    8.09533      0.809 0.0000e+00
     10.335     10.409    15.6783    33.4432   4.184645     2.9292      8.122    89.7067     1.6744     0.1587     0.4345        135     16.750    33.4376    24.6183     7.5980     93.756    8.09564      0.832 0.0000e+00
     10.445     10.520    15.6758    33.4428   4.184342     2.9292      8.122    89.7067     1.6744     0.1587     0.4345        136     16.875    33.4370    24.6184     7.5994     93.769    8.09607      0.850 0.0000e+00
     10.559     10.634    15.6726    33.4420   4.184109     2.9267      8.122    89.6824     1.6744     0.1587     0.4356        137     17.000    33.4376    24.6195     7.5901     93.649    8.09656      0.863 0.0000e+00
     10.675     10.752    15.6703    33.4416   4.184016     2.9255      8.122    89.7067     1.6932     0.1600     0.4345        138     17.125    33.4386    24.6209     7.5898     93.641    8.09688      0.871 0.0000e+00
     10.792     10.869    15.6693    33.4413   4.184007     2.9243      8.117    89.7067     1.6744     0.1587     0.4345        139     17.250    33.4393    24.6217     7.5874     93.610    8.09700      0.872 0.0000e+00
     10.908     10.986    15.6692    33.4409   4.184042     2.9231      8.122    89.6093     1.7873     0.1661     0.4388        140     17.375    33.4397    24.6219     7.5814     93.536    8.09700      0.867 0.0000e+00
     11.023     11.101    15.6697    33.4407   4.184115     2.9219      8.122    89.6337     1.7309     0.1624     0.4378        141     17.500    33.4399    24.6220     7.5785     93.502    8.09691      0.856 0.0000e+00
     11.135     11.214    15.6705    33.4407   4.184195     2.9219      8.117    89.6093     1.6932     0.1600     0.4388        142     17.625    33.4399    24.6218     7.5795     93.515    8.09678      0.839 0.0000e+00
     11.242     11.322    15.6713    33.4408   4.184264     2.9206      8.117    89.6093     1.7121     0.1612     0.4388        143     17.750    33.4398    24.6215     7.5756     93.469    8.09666      0.819 0.0000e+00
     11.343     11.424    15.6720    33.4412   4.184312     2.9194      8.117    89.6093     1.6744     0.1587     0.4388        144     17.875    33.4396    24.6212     7.5717     93.422    8.09656      0.795 0.0000e+00
     11.439     11.521    15.6724    33.4416   4.184296     2.9194      8.117    89.6093     1.6556     0.1575     0.4388        145     18.000    33.4390    24.6207     7.5734     93.442    8.09652      0.770 0.0000e+00
     11.530     11.613    15.6722    33.4419   4.184205     2.9182      8.117    89.6337     1.6744     0.1587     0.4378        146     18.125    33.4384    24.6203     7.5722     93.427    8.09658      0.745 0.0000e+00
     11.618     11.701    15.6711    33.4423   4.184057     2.9170      8.117    89.6580     1.6932     0.1600     0.4367        147     18.250    33.4379    24.6202     7.5686     93.381    8.09678      0.721 0.0000e+00
     11.703     11.786    15.6695    33.4426   4.183844     2.9121      8.117    89.6580     1.7121     0.1612     0.4367        148     18.375    33.4374    24.6201     7.5550     93.210    8.09707      0.701 0.0000e+00
     11.784     11.868    15.6671    33.4425   4.183600     2.9145      8.117    89.6580     1.6932     0.1600     0.4367        149     18.500    33.4372    24.6205     7.5674     93.358    8.09746      0.684 0.0000e+00
     11.863     11.947    15.6643    33.4420   4.183391     2.9133      8.122    89.6580     1.6932     0.1600     0.4367        150     18.625    33.4377    24.6215     7.5662     93.338    8.09789      0.671 0.0000e+00
