LegacyCode/Old_Test_Data/a6.txt
* Sea-Bird SBE 25 Data File:
* FileName = C:\wq\Unit#4\A6.hex
* Software Version Seasave V 7.23.2
* Temperature SN = 0942
* Conductivity SN = 3365
* System UpLoad Time = Jan 05 2015 10:11:25
* Real-Time Sample Interval = 0.1250 seconds
* System UTC = Jan 05 2015 18:11:25
# nquan = 20                                
# nvalues = 242                         
# units = specified
# name 0 = depSM: Depth [salt water, m], lat = 33.00
# name 1 = prSM: Pressure, Strain Gauge [db]
# name 2 = t090C: Temperature [ITS-90, deg C]
# name 3 = sal00: Salinity, Practical [PSU]
# name 4 = c0S/m: Conductivity [S/m]
# name 5 = sbeox0V: Oxygen raw, SBE 43 [V]
# name 6 = ph: pH
# name 7 = xmiss: Beam Transmission, Chelsea/Seatech [%]
# name 8 = wetStar: Fluorescence, WET Labs WETstar [mg/m^3]
# name 9 = v4: Voltage 4
# name 10 = bat: Beam Attenuation, Chelsea/Seatech [1/m]
# name 11 = scan: Scan Count
# name 12 = timeS: Time, Elapsed [seconds]
# name 13 = sal00: Salinity, Practical [PSU]
# name 14 = sigma-t00: Density [sigma-t, kg/m^3 ]
# name 15 = sbeox0Mg/L: Oxygen, SBE 43 [mg/l], WS = 2
# name 16 = sbeox0PS: Oxygen, SBE 43 [% saturation], WS = 2
# name 17 = oxsatMg/L: Oxygen Saturation, Weiss [mg/l]
# name 18 = dz/dtM: Descent Rate [m/s], WS = 2
# name 19 = flag: flag
# span 0 =      0.938,     20.994       
# span 1 =      0.945,     21.143       
# span 2 =    14.3913,    15.8214       
# span 3 =    33.4027,    33.4657       
# span 4 =   4.057514,   4.197990       
# span 5 =     2.6398,     3.0195       
# span 6 =      8.019,      8.135       
# span 7 =    89.1467,    90.8998       
# span 8 =     0.6779,     1.7873       
# span 9 =     0.0940,     0.1661       
# span 10 =     0.3816,     0.4595      
# span 11 =          7,        248      
# span 12 =      0.750,     30.875      
# span 13 =    33.3414,    33.4399      
# span 14 =    24.5869,    24.8583      
# span 15 =     6.6471,     7.9601      
# span 16 =     79.991,     98.498      
# span 17 =    8.07253,    8.31128      
# span 18 =      0.000,      0.872      
# span 19 = 0.0000e+00, 0.0000e+00      
# interval = seconds: 0.125
# start_time = Jan 05 2015 18:11:25 [System UTC, header]
# bad_flag = -9.990e-29
*END*
[from data line 145]
     12.016     12.101    15.6609    33.4407   4.183215     2.9109      8.117    89.6580     1.6932     0.1600     0.4367        152     18.875    33.4389    24.6232     7.5666     93.338    8.09838      0.662 0.0000e+00
     12.092     12.178    15.6608    33.4402   4.183266     2.9096      8.103    89.2684     1.6368     0.1563     0.4541        153     19.000    33.4394    24.6236     7.5645     93.312    8.09837      0.664 0.0000e+00
     12.170     12.257    15.6615    33.4402   4.183347     2.9109      8.117    89.6824     1.6744     0.1587     0.4356        154     19.125    33.4395    24.6235     7.5734     93.423    8.09825      0.671 0.0000e+00
     12.251     12.338    15.6627    33.4411   4.183371     2.9084      8.117    89.6824     1.7121     0.1612     0.4356        155     19.250    33.4387    24.6226     7.5680     93.359    8.09810      0.682 0.0000e+00
     12.334     12.421    15.6631    33.4422   4.183234     2.9096      8.117    89.6824     1.6744     0.1587     0.4356        156     19.375    33.4371    24.6213     7.5760     93.457    8.09811      0.696 0.0000e+00
     12.419     12.508    15.6613    33.4422   4.182942     2.9096      8.117    89.6824     1.6556     0.1575     0.4356        157     19.500    33.4360    24.6209     7.5716     93.398    8.09846      0.712 0.0000e+00
     12.508     12.597    15.6578    33.4416   4.182680     2.9084      8.117    89.6824     1.6744     0.1587     0.4356        158     19.625    33.4366    24.6221     7.5699     93.372    8.09900      0.729 0.0000e+00
     12.600     12.690    15.6550    33.4416   4.182529     2.9084      8.117    89.6824     1.6744     0.1587     0.4356        159     19.750    33.4376    24.6235     7.5708     93.378    8.09940      0.747 0.0000e+00
     12.695     12.786    15.6536    33.4422   4.182382     2.9072      8.113    89.6337     1.6744     0.1587     0.4378        160     19.875    33.4374    24.6237     7.5642     93.294    8.09963      0.764 0.0000e+00
     12.793     12.884    15.6519    33.4436   4.182132     2.9060      8.117    89.7067     1.6556     0.1575     0.4345        161     20.000    33.4366    24.6234     7.5563     93.193    8.09995      0.780 0.0000e+00
     12.894     12.986    15.6492    33.4449   4.181662     2.9060      8.117    89.7067     1.6368     0.1563     0.4345        162     20.125    33.4346    24.6225     7.5528     93.144    8.10048      0.795 0.0000e+00
     12.997     13.090    15.6439    33.4445   4.180997     2.9048      8.117    89.7067     1.6368     0.1563     0.4345        163     20.250    33.4332    24.6226     7.5476     93.069    8.10141      0.807 0.0000e+00
     13.102     13.195    15.6366    33.4439   4.180399     2.9048      8.117    89.7067     1.6180     0.1551     0.4345        164     20.375    33.4340    24.6248     7.5436     93.007    8.10255      0.818 0.0000e+00
     13.207     13.301    15.6309    33.4452   4.179849     2.9023      8.117    89.7067     1.5992     0.1538     0.4345        165     20.500    33.4338    24.6260     7.5331     92.866    8.10348      0.828 0.0000e+00
     13.312     13.406    15.6257    33.4463   4.179120     2.9035      8.117    89.7067     1.6180     0.1551     0.4345        166     20.625    33.4317    24.6255     7.5361     92.893    8.10443      0.835 0.0000e+00
     13.416     13.511    15.6171    33.4452   4.178330     2.9023      8.117    89.7311     1.5992     0.1538     0.4334        167     20.750    33.4319    24.6276     7.5272     92.768    8.10581      0.841 0.0000e+00
     13.520     13.616    15.6081    33.4431   4.177745     2.8999      8.113    89.7311     1.5804     0.1526     0.4334        168     20.875    33.4343    24.6314     7.5203     92.668    8.10715      0.845 0.0000e+00
     13.625     13.722    15.6028    33.4418   4.177416     2.8987      8.117    89.7311     1.5992     0.1538     0.4334        169     21.000    33.4358    24.6337     7.5163     92.610    8.10793      0.847 0.0000e+00
     13.729     13.827    15.6007    33.4419   4.177186     2.8987      8.117    89.7311     1.5804     0.1526     0.4334        170     21.125    33.4355    24.6339     7.5169     92.613    8.10829      0.848 0.0000e+00
     13.835     13.934    15.5990    33.4423   4.176886     2.8974      8.113    89.7311     1.5428     0.1502     0.4334        171     21.250    33.4342    24.6333     7.5155     92.591    8.10863      0.847 0.0000e+00
     13.942     14.042    15.5958    33.4426   4.176492     2.8962      8.113    89.7311     1.5428     0.1502     0.4334        172     21.375    33.4333    24.6334     7.5136     92.562    8.10919      0.845 0.0000e+00
     14.050     14.150    15.5917    33.4425   4.176057     2.8950      8.113    89.5606     1.5428     0.1502     0.4410        173     21.500    33.4329    24.6340     7.5128     92.544    8.10987      0.842 0.0000e+00
     14.156     14.257    15.5870    33.4420   4.175684     2.8938      8.113    89.8528     1.5428     0.1502     0.4280        174     21.625    33.4335    24.6355     7.5092     92.492    8.11060      0.837 0.0000e+00
     14.262     14.363    15.5828    33.4429   4.175408     2.8901      8.113    89.8772     1.5616     0.1514     0.4269        175     21.750    33.4345    24.6372     7.4994     92.364    8.11123      0.830 0.0000e+00
     14.366     14.468    15.5801    33.4455   4.174929     2.8925      8.113    89.8772     1.5240     0.1490     0.4269        176     21.875    33.4325    24.6363     7.5101     92.490    8.11177      0.820 0.0000e+00
     14.469     14.572    15.5754    33.4456   4.173977     2.8913      8.108    89.8772     1.5052     0.1477     0.4269        177     22.000    33.4279    24.6338     7.5064     92.433    8.11276      0.809 0.0000e+00
     14.572     14.676    15.5651    33.4413   4.172985     2.8913      8.113    89.8772     1.4864     0.1465     0.4269        178     22.125    33.4278    24.6359     7.5083     92.438    8.11444      0.796 0.0000e+00
     14.673     14.777    15.5553    33.4371   4.172629     2.8913      8.108    89.8772     1.5052     0.1477     0.4269        179     22.250    33.4329    24.6420     7.5108     92.453    8.11577      0.781 0.0000e+00
     14.771     14.876    15.5533    33.4356   4.172946     2.8901      8.094    89.4389     1.4300     0.1429     0.4465        180     22.375    33.4374    24.6459     7.5037     92.365    8.11588      0.765 0.0000e+00
     14.865     14.971    15.5572    33.4362   4.173525     2.8889      8.108    90.0476     1.4864     0.1465     0.4193        181     22.500    33.4392    24.6465     7.4971     92.292    8.11515      0.748 0.0000e+00
     14.956     15.063    15.5630    33.4372   4.174053     2.8877      8.108    90.0476     1.4676     0.1453     0.4193        182     22.625    33.4390    24.6450     7.4898     92.212    8.11422      0.732 0.0000e+00
     15.044     15.151    15.5677    33.4385   4.174460     2.8864      8.108    90.0476     1.4300     0.1429     0.4193        183     22.750    33.4386    24.6437     7.4817     92.121    8.11348      0.718 0.0000e+00
     15.130     15.238    15.5712    33.4413   4.174632     2.8852      8.108    90.0476     1.4300     0.1429     0.4193        184     22.875    33.4371    24.6418     7.4682     91.960    8.11299      0.705 0.0000e+00
     15.214     15.322    15.5730    33.4438   4.174292     2.8840      8.103    90.0719     1.4488     0.1441     0.4182        185     23.000    33.4325    24.6378     7.4581     91.836    8.11292      0.695 0.0000e+00
     15.295     15.404    15.5688    33.4436   4.173512     2.8840      8.108    90.0476     1.4488     0.1441     0.4193        186     23.125    33.4291    24.6361     7.4497     91.724    8.11377      0.688 0.0000e+00
     15.375     15.485    15.5604    33.4418   4.172727     2.8828      8.108    90.1206     1.4300     0.1429     0.4161        187     23.250    33.4291    24.6380     7.4383     91.568    8.11513      0.685 0.0000e+00
     15.455     15.565    15.5529    33.4409   4.172180     2.8791      8.108    90.1450     1.4300     0.1429     0.4150        188     23.375    33.4306    24.6408     7.4207     91.338    8.11628      0.686 0.0000e+00
     15.535     15.646    15.5480    33.4424   4.171755     2.8791      8.104    90.1450     1.4112     0.1416     0.4150        189     23.500    33.4309    24.6422     7.4132     91.238    8.11706      0.690 0.0000e+00
     15.617     15.728    15.5438    33.4455   4.171102     2.8779      8.104    90.1450     1.4300     0.1429     0.4150        190     23.625    33.4286    24.6413     7.4016     91.086    8.11785      0.697 0.0000e+00
     15.702     15.814    15.5363    33.4472   4.170004     2.8767      8.108    90.1693     1.4112     0.1416     0.4139        191     23.750    33.4251    24.6403     7.3888     90.912    8.11924      0.706 0.0000e+00
     15.788     15.901    15.5239    33.4465   4.168680     2.8742      8.108    90.1693     1.3924     0.1404     0.4139        192     23.875    33.4237    24.6420     7.3690     90.647    8.12132      0.716 0.0000e+00
     15.878     15.991    15.5097    33.4446   4.167476     2.8718      8.104    90.1693     1.3924     0.1404     0.4139        193     24.000    33.4250    24.6461     7.3509     90.399    8.12357      0.727 0.0000e+00
     15.971     16.085    15.4981    33.4434   4.166499     2.8681      8.104    90.2911     1.3736     0.1392     0.4085        194     24.125    33.4260    24.6495     7.3208     90.009    8.12540      0.738 0.0000e+00
     16.067     16.182    15.4892    33.4427   4.165640     2.8657      8.104    90.2911     1.3924     0.1404     0.4085        195     24.250    33.4259    24.6513     7.3025     89.768    8.12686      0.750 0.0000e+00
     16.165     16.280    15.4809    33.4418   4.164856     2.8645      8.104    90.2911     1.4112     0.1416     0.4085        196     24.375    33.4259    24.6532     7.2908     89.610    8.12821      0.761 0.0000e+00
     16.263     16.379    15.4729    33.4419   4.164211     2.8608      8.099    90.2911     1.3548     0.1380     0.4085        197     24.500    33.4268    24.6557     7.2660     89.290    8.12946      0.772 0.0000e+00
     16.360     16.476    15.4664    33.4451   4.163507     2.8584      8.099    90.2911     1.3360     0.1368     0.4085        198     24.625    33.4260    24.6565     7.2485     89.064    8.13056      0.781 0.0000e+00
     16.457     16.574    15.4594    33.4502   4.162253     2.8547      8.099    90.2911     1.2984     0.1343     0.4085        199     24.750    33.4207    24.6539     7.2270     88.785    8.13196      0.789 0.0000e+00
     16.554     16.672    15.4458    33.4523   4.160246     2.8498      8.090    89.9259     1.2608     0.1319     0.4247        200     24.875    33.4142    24.6519     7.2065     88.505    8.13450      0.797 0.0000e+00
     16.652     16.771    15.4230    33.4495   4.157997     2.8474      8.099    90.2180     1.2984     0.1343     0.4118        201     25.000    33.4134    24.6563     7.1947     88.320    8.13826      0.804 0.0000e+00
     16.751     16.871    15.3995    33.4461   4.156151     2.8388      8.099    90.2180     1.2796     0.1331     0.4118        202     25.125    33.4167    24.6641     7.1609     87.866    8.14192      0.810 0.0000e+00
     16.852     16.972    15.3825    33.4463   4.154684     2.8388      8.100    90.1937     1.2608     0.1319     0.4128        203     25.250    33.4180    24.6688     7.1576     87.796    8.14463      0.816 0.0000e+00
     16.954     17.076    15.3693    33.4520   4.153014     2.8364      8.100    90.2180     1.2232     0.1294     0.4118        204     25.375    33.4142    24.6688     7.1455     87.623    8.14698      0.821 0.0000e+00
     17.057     17.179    15.3527    33.4581   4.150417     2.8315      8.095    90.2180     1.1856     0.1270     0.4118        205     25.500    33.4049    24.6653     7.1291     87.388    8.15015      0.827 0.0000e+00
     17.160     17.283    15.3238    33.4589   4.146857     2.8278      8.095    90.2180     1.1856     0.1270     0.4118        206     25.625    33.3975    24.6660     7.1188     87.209    8.15525      0.832 0.0000e+00
     17.264     17.388    15.2864    33.4615   4.142926     2.8229      8.081    90.2424     1.1291     0.1233     0.4107        207     25.750    33.3939    24.6714     7.1060     86.985    8.16155      0.836 0.0000e+00
     17.370     17.494    15.2487    33.4655   4.138472     2.8205      8.091    90.6076     1.1479     0.1245     0.3945        208     25.875    33.3859    24.6735     7.1029     86.877    8.16814      0.838 0.0000e+00
     17.476     17.600    15.2017    33.4653   4.133394     2.8156      8.091    90.6076     1.1291     0.1233     0.3945        209     26.000    33.3801    24.6794     7.0911     86.650    8.17615      0.838 0.0000e+00
     17.582     17.708    15.1489    33.4657   4.128251     2.8107      8.091    90.6076     1.1291     0.1233     0.3945        210     26.125    33.3787    24.6898     7.0825     86.453    8.18491      0.835 0.0000e+00
     17.689     17.816    15.0978    33.4657   4.123122     2.8083      8.087    90.6076     1.0727     0.1197     0.3945        211     26.250    33.3759    24.6988     7.0739     86.258    8.19348      0.829 0.0000e+00
     17.796     17.923    15.0436    33.4617   4.118158     2.8034      8.082    90.6076     1.0539     0.1184     0.3945        212     26.375    33.3772    24.7116     7.0609     86.008    8.20237      0.821 0.0000e+00
     17.900     18.028    14.9924    33.4557   4.113869     2.7997      8.082    90.6076     1.0539     0.1184     0.3945        213     26.500    33.3821    24.7265     7.0528     85.824    8.21060      0.810 0.0000e+00
     18.003     18.132    14.9499    33.4503   4.110452     2.7961      8.078    90.8755     1.0163     0.1160     0.3827        214     26.625    33.3875    24.7398     7.0384     85.579    8.21738      0.796 0.0000e+00
     18.104     18.234    14.9170    33.4458   4.107716     2.7912      8.073    90.8998     0.9975     0.1148     0.3816        215     26.750    33.3908    24.7495     7.0236     85.344    8.22268      0.780 0.0000e+00
     18.202     18.332    14.8914    33.4417   4.105480     2.7875      8.073    90.8755     0.9787     0.1136     0.3827        216     26.875    33.3924    24.7562     7.0081     85.114    8.22685      0.762 0.0000e+00
     18.297     18.427    14.8704    33.4393   4.103728     2.7839      8.069    90.8998     0.9411     0.1111     0.3816        217     27.000    33.3944    24.7623     6.9944     84.912    8.23024      0.744 0.0000e+00
     18.388     18.519    14.8540    33.4377   4.102278     2.7802      8.064    90.8998     0.9599     0.1123     0.3816        218     27.125    33.3952    24.7665     6.9764     84.667    8.23293      0.725 0.0000e+00
     18.475     18.608    14.8393    33.4341   4.101021     2.7753      8.064    90.8998     0.9411     0.1111     0.3816        219     27.250    33.3964    24.7706     6.9510     84.335    8.23532      0.707 0.0000e+00
     18.560     18.693    14.8270    33.4296   4.100164     2.7704      8.059    90.8998     0.9411     0.1111     0.3816        220     27.375    33.3991    24.7753     6.9280     84.037    8.23724      0.690 0.0000e+00
     18.640     18.774    14.8202    33.4286   4.099779     2.7655      8.060    90.8755     0.9035     0.1087     0.3827        221     27.500    33.4014    24.7785     6.9003     83.690    8.23825      0.676 0.0000e+00
     18.718     18.853    14.8183    33.4319   4.099352     2.7582      8.055    90.8755     0.9035     0.1087     0.3827        222     27.625    33.3991    24.7772     6.8653     83.261    8.23869      0.665 0.0000e+00
     18.796     18.931    14.8145    33.4370   4.098273     2.7570      8.055    90.8998     0.8847     0.1074     0.3816        223     27.750    33.3925    24.7729     6.8542     83.117    8.23965      0.657 0.0000e+00
